02466
04648
04961
05820
05842
06101
07848
10560
12411
12751
13057
13066
13601
13820
13901
14201
14445
14850
15112
16335
16501
17059
17101
17401
17601
17701
19601
20001
20678
20701
21201
22401
22601
22801
22901
23219
24011
24501
25301
26501
27401
28202
28301
28401
28540
28607
28801
29169
29401
29501
30303
30458
30601
30901
31520
31601
31701
31901
32099
32501
32601
32801
33801
34470
35203
36104
36301
36602
37040
37201
37402
37902
38103
38301
38329
38501
39201
39301
39401
40202
40502
42301
43601
44004
44102
44502
44870
44902
45202
45601
45701
45830
46901
47708
47967
48161
48823
49001
49201
49423
49440
53081
53202
53545
53703
54401
55901
56001
56401
56601
58501
59101
59635
59701
59715
59801
59901
61101
61602
62701
63501
64801
65802
66044
66502
66603
67202
67401
68502
70360
71101
71201
73501
74074
74103
76701
77315
77550
77901
78040
78520
78701
79101
79401
79601
80202
80301
81001
83702
84321
85003
85364
85701
86301
87401
89801
93301
95202
95340
95350
95926
96001
96130
97401
97470
98225
98801
98901
99701
